#Background WMAP9 cosmology for 1706.01472 paper

h = 0.70
Tcmb = 2.7255
n = 0.97
Omega_m = 0.279
Omega_b = 0.046
sigma8 = 0.820874
tkfile = transfers/wmap9d.dat
